   000   000   000
   000   001   001
   000   002   002
   000   004   004
   000   005   005
   000   007   007
   000   008   008
   000   010   010
   000   011   011
   000   013   013
   000   014   014
   000   015   015
   000   017   017
   000   018   018
   000   020   020
   000   021   021
   000   023   023
   000   024   024
   000   026   026
   000   027   027
   000   028   028
   000   030   030
   000   031   031
   000   033   033
   000   034   034
   000   036   036
   000   037   037
   000   039   039
   000   040   040
   000   042   042
   000   043   043
   000   044   044
   000   046   046
   000   047   047
   000   049   049
   000   050   050
   000   052   052
   000   053   053
   000   055   055
   000   056   056
   000   057   057
   000   059   059
   000   060   060
   000   062   062
   000   063   063
   000   065   065
   000   066   066
   000   068   068
   000   069   069
   000   070   070
   000   072   072
   000   073   073
   000   075   075
   000   076   076
   000   078   078
   000   079   079
   000   081   081
   000   082   082
   000   084   084
   000   085   085
   000   086   086
   000   088   088
   000   089   089
   000   091   091
   000   092   092
   000   094   094
   000   095   095
   000   097   097
   000   098   098
   000   099   099
   000   101   101
   000   102   102
   000   104   104
   000   105   105
   000   107   107
   000   108   108
   000   110   110
   000   111   111
   000   113   113
   000   114   114
   000   115   115
   000   117   117
   000   118   118
   000   120   120
   000   121   121
   000   123   123
   000   124   124
   000   126   126
   000   127   127
   000   128   128
   000   130   130
   000   131   131
   000   133   133
   000   134   134
   000   136   136
   000   137   137
   000   139   139
   000   140   140
   000   141   141
   000   143   143
   000   144   144
   000   146   146
   000   147   147
   000   149   149
   000   150   150
   000   152   152
   000   153   153
   000   155   155
   000   156   156
   000   157   157
   000   159   159
   000   160   160
   000   162   162
   000   163   163
   000   165   165
   000   166   166
   000   168   168
   000   169   169
   000   170   170
   000   172   172
   000   173   173
   001   175   175
   003   176   176
   005   178   178
   007   179   179
   009   181   181
   011   182   182
   013   184   184
   015   185   185
   017   186   186
   018   188   188
   020   189   189
   022   191   191
   024   192   192
   026   194   194
   028   195   195
   030   197   197
   032   198   198
   034   199   199
   035   201   201
   037   202   202
   039   204   204
   041   205   205
   043   207   207
   045   208   208
   047   210   210
   049   211   211
   051   212   212
   052   214   214
   054   215   215
   056   217   217
   058   218   218
   060   220   220
   062   221   221
   064   223   223
   066   224   224
   068   226   226
   069   227   227
   071   228   228
   073   230   230
   075   231   231
   077   233   233
   079   234   234
   081   236   236
   083   237   237
   085   239   239
   086   240   240
   088   241   241
   090   243   243
   092   244   244
   094   246   246
   096   247   247
   098   249   249
   100   250   250
   102   252   252
   103   253   253
   105   255   255
   107   255   255
   109   255   255
   111   255   255
   113   255   255
   115   255   255
   117   255   255
   119   255   255
   120   255   255
   122   255   255
   124   255   255
   126   255   255
   128   255   255
   130   255   255
   132   255   255
   134   255   255
   136   255   255
   137   255   255
   139   255   255
   141   255   255
   143   255   255
   145   255   255
   147   255   255
   149   255   255
   151   255   255
   153   255   255
   154   255   255
   156   255   255
   158   255   255
   160   255   255
   162   255   255
   164   255   255
   166   255   255
   168   255   255
   170   255   255
   171   255   255
   173   255   255
   175   255   255
   177   255   255
   179   255   255
   181   255   255
   183   255   255
   185   255   255
   187   255   255
   188   255   255
   190   255   255
   192   255   255
   194   255   255
   196   255   255
   198   255   255
   200   255   255
   202   255   255
   204   255   255
   205   255   255
   207   255   255
   209   255   255
   211   255   255
   213   255   255
   215   255   255
   217   255   255
   219   255   255
   221   255   255
   222   255   255
   224   255   255
   226   255   255
   228   255   255
   230   255   255
   232   255   255
   234   255   255
   236   255   255
   238   255   255
   239   255   255
   241   255   255
   243   255   255
   245   255   255
   247   255   255
   249   255   255
   251   255   255
   253   255   255
   255   255   255
