   000   000   000
   001   001   000
   002   002   000
   004   003   000
   005   004   000
   007   005   000
   008   006   000
   010   007   000
   011   008   000
   013   009   000
   014   010   000
   015   011   000
   017   012   000
   018   013   000
   020   014   000
   021   015   000
   023   016   000
   024   017   000
   026   018   000
   027   019   000
   028   020   000
   030   021   000
   031   022   000
   033   023   000
   034   024   000
   036   025   000
   037   026   000
   039   027   000
   040   028   000
   042   029   000
   043   030   000
   044   031   000
   046   032   000
   047   033   000
   049   034   000
   050   035   000
   052   036   000
   053   037   000
   055   038   000
   056   039   000
   057   040   000
   059   041   000
   060   042   000
   062   043   000
   063   044   000
   065   045   000
   066   046   000
   068   047   000
   069   048   000
   070   049   000
   072   050   000
   073   051   000
   075   052   000
   076   053   000
   078   054   000
   079   055   000
   081   056   000
   082   057   000
   084   058   000
   085   059   000
   086   060   000
   088   061   000
   089   062   000
   091   063   000
   092   064   000
   094   065   000
   095   066   000
   097   067   000
   098   068   000
   099   069   000
   101   070   000
   102   071   000
   104   072   000
   105   073   000
   107   074   000
   108   075   000
   110   076   000
   111   077   000
   113   078   000
   114   079   000
   115   080   000
   117   081   000
   118   082   000
   120   083   000
   121   084   000
   123   085   000
   124   086   000
   126   087   000
   127   088   000
   128   089   000
   130   090   000
   131   091   000
   133   092   000
   134   093   000
   136   094   000
   137   095   000
   139   096   000
   140   097   000
   141   098   000
   143   099   000
   144   100   000
   146   101   000
   147   102   000
   149   103   000
   150   104   000
   152   105   000
   153   106   000
   155   107   000
   156   108   000
   157   109   000
   159   110   000
   160   111   000
   162   112   000
   163   113   000
   165   114   000
   166   115   000
   168   116   000
   169   117   000
   170   118   000
   172   119   000
   173   120   000
   175   121   000
   176   122   000
   178   123   000
   179   124   000
   181   125   000
   182   126   000
   184   127   000
   185   128   000
   186   129   000
   188   130   000
   189   131   000
   191   132   000
   192   133   000
   194   134   000
   195   135   000
   197   136   000
   198   137   000
   199   138   000
   201   139   000
   202   140   000
   204   141   000
   205   142   000
   207   143   000
   208   144   000
   210   145   000
   211   146   000
   212   147   000
   214   148   000
   215   149   000
   217   150   000
   218   151   000
   220   152   000
   221   153   000
   223   154   000
   224   155   000
   226   156   000
   227   157   000
   228   158   000
   230   159   000
   231   160   000
   233   161   000
   234   162   000
   236   163   000
   237   164   000
   239   165   000
   240   166   000
   241   167   000
   243   168   000
   244   169   000
   246   170   000
   247   171   000
   249   172   000
   250   173   000
   252   174   000
   253   175   000
   255   176   000
   255   177   000
   255   178   000
   255   179   000
   255   180   000
   255   181   000
   255   182   000
   255   183   000
   255   184   000
   255   185   000
   255   186   000
   255   187   000
   255   188   000
   255   189   000
   255   190   000
   255   191   003
   255   192   007
   255   193   011
   255   194   015
   255   195   019
   255   196   023
   255   197   027
   255   198   031
   255   199   035
   255   200   039
   255   201   043
   255   202   047
   255   203   051
   255   204   054
   255   205   058
   255   206   062
   255   207   066
   255   208   070
   255   209   074
   255   210   078
   255   211   082
   255   212   086
   255   213   090
   255   214   094
   255   215   098
   255   216   102
   255   217   105
   255   218   109
   255   219   113
   255   220   117
   255   221   121
   255   222   125
   255   223   129
   255   224   133
   255   225   137
   255   226   141
   255   227   145
   255   228   149
   255   229   153
   255   230   156
   255   231   160
   255   232   164
   255   233   168
   255   234   172
   255   235   176
   255   236   180
   255   237   184
   255   238   188
   255   239   192
   255   240   196
   255   241   200
   255   242   204
   255   243   207
   255   244   211
   255   245   215
   255   246   219
   255   247   223
   255   248   227
   255   249   231
   255   250   235
   255   251   239
   255   252   243
   255   253   247
   255   254   251
   255   255   255
