   000   000   000
   000   000   000
   000   000   000
   000   000   000
   000   000   000
   000   000   000
   000   000   000
   000   000   000
   000   000   000
   000   000   000
   000   000   000
   000   000   000
   000   000   000
   000   000   000
   000   000   000
   000   000   000
   000   000   000
   000   000   000
   000   000   000
   000   000   000
   000   000   000
   000   001   000
   000   004   000
   000   005   000
   000   006   000
   000   008   000
   000   011   000
   000   012   000
   000   015   000
   000   016   000
   000   019   000
   000   019   000
   000   021   000
   000   023   000
   000   025   000
   000   026   000
   000   028   000
   000   031   000
   000   032   000
   000   033   000
   000   034   000
   000   036   000
   000   037   000
   000   039   000
   000   042   000
   000   043   000
   000   044   000
   000   045   000
   000   047   000
   000   048   000
   000   049   000
   000   051   000
   000   053   000
   000   054   000
   000   055   000
   000   058   000
   000   058   000
   000   059   000
   000   060   000
   000   062   000
   000   064   000
   000   065   000
   000   066   000
   000   067   000
   000   069   000
   000   070   000
   000   070   000
   000   072   000
   000   073   000
   000   075   000
   000   076   000
   000   077   000
   000   078   000
   000   080   000
   000   082   000
   000   083   000
   000   083   000
   000   084   000
   000   086   000
   000   087   000
   000   088   000
   000   089   000
   000   092   000
   000   093   000
   000   094   000
   000   095   000
   000   097   000
   000   097   000
   001   098   000
   003   099   000
   004   100   000
   009   103   000
   011   104   000
   012   105   000
   014   106   000
   014   106   000
   017   108   000
   019   109   000
   019   109   000
   020   110   000
   022   111   000
   027   114   000
   029   115   000
   030   116   000
   032   117   000
   032   117   000
   035   119   000
   037   120   000
   038   121   000
   038   121   000
   041   123   000
   045   125   000
   045   125   000
   046   126   000
   048   127   000
   050   128   000
   053   130   000
   054   131   000
   058   133   000
   058   133   000
   059   134   000
   059   134   000
   062   136   000
   064   137   000
   066   138   000
   066   138   000
   067   139   000
   071   141   000
   074   143   000
   075   144   000
   075   144   000
   077   145   000
   080   147   000
   080   147   000
   082   148   000
   082   148   000
   083   149   000
   085   150   000
   090   153   000
   091   154   000
   091   154   000
   093   155   000
   095   156   000
   098   158   000
   100   159   000
   100   159   000
   101   160   000
   101   160   000
   103   161   000
   103   161   000
   108   164   000
   109   165   000
   111   166   000
   112   167   000
   112   167   000
   116   169   000
   117   170   000
   119   171   000
   119   171   000
   121   172   000
   121   172   000
   125   175   000
   125   175   000
   127   176   000
   129   177   000
   130   178   000
   130   178   000
   133   180   000
   135   181   000
   135   181   000
   137   182   003
   140   184   010
   143   186   017
   143   186   017
   143   186   017
   145   187   020
   146   188   024
   146   188   024
   148   189   027
   151   191   034
   151   191   034
   153   192   037
   156   194   044
   158   195   048
   158   195   048
   161   197   055
   163   198   058
   163   198   058
   163   198   058
   164   199   062
   166   200   065
   166   200   065
   169   202   072
   172   204   079
   172   204   079
   174   205   082
   175   206   086
   175   206   086
   179   208   093
   180   209   096
   182   210   099
   182   210   099
   183   211   103
   183   211   103
   183   211   103
   187   213   110
   190   215   117
   190   215   117
   192   216   120
   193   217   124
   193   217   124
   196   219   130
   198   220   134
   198   220   134
   200   221   137
   201   222   141
   201   222   141
   206   225   151
   206   225   151
   206   225   151
   208   226   155
   209   227   158
   209   227   158
   211   228   161
   214   230   168
   214   230   168
   216   231   172
   217   232   175
   217   232   175
   219   233   179
   224   236   189
   224   236   189
   225   237   192
   225   237   192
   225   237   192
   227   238   196
   229   239   199
   229   239   199
   232   241   206
   234   242   210
   234   242   210
   235   243   213
   238   245   220
   238   245   220
   242   247   227
   243   248   230
   243   248   230
   245   249   234
   245   249   234
   245   249   234
   246   250   237
   246   250   237
   250   252   244
   251   253   248
   251   253   248
   255   255   255
