   000   000   000
   001   001   000
   002   002   000
   003   003   000
   004   004   000
   005   005   000
   006   006   000
   007   007   000
   008   008   000
   009   009   000
   010   010   000
   011   011   000
   012   012   000
   013   013   000
   014   014   000
   015   015   000
   016   016   000
   017   017   000
   018   018   000
   019   019   000
   020   020   000
   021   021   000
   022   022   000
   023   023   000
   024   024   000
   025   025   000
   026   026   000
   027   027   000
   028   028   000
   029   029   000
   030   030   000
   031   031   000
   032   032   000
   033   033   000
   034   034   000
   035   035   000
   036   036   000
   037   037   000
   038   038   000
   039   039   000
   040   040   000
   041   041   000
   042   042   000
   043   043   000
   044   044   000
   045   045   000
   046   046   000
   047   047   000
   048   048   000
   049   049   000
   050   050   000
   051   051   000
   052   052   000
   053   053   000
   054   054   000
   055   055   000
   056   056   000
   057   057   000
   058   058   000
   059   059   000
   060   060   000
   061   061   000
   062   062   000
   063   063   000
   064   064   000
   065   065   000
   066   066   000
   067   067   000
   068   068   000
   069   069   000
   070   070   000
   071   071   000
   072   072   000
   073   073   000
   074   074   000
   075   075   000
   076   076   000
   077   077   000
   078   078   000
   079   079   000
   080   080   000
   081   081   000
   082   082   000
   083   083   000
   084   084   000
   085   085   000
   086   086   000
   087   087   000
   088   088   000
   089   089   000
   090   090   000
   091   091   000
   092   092   000
   093   093   000
   094   094   000
   095   095   000
   096   096   000
   097   097   000
   098   098   000
   099   099   000
   100   100   000
   101   101   000
   102   102   000
   103   103   000
   104   104   000
   105   105   000
   106   106   000
   107   107   000
   108   108   000
   109   109   000
   110   110   000
   111   111   000
   112   112   000
   113   113   000
   114   114   000
   115   115   000
   116   116   000
   117   117   000
   118   118   000
   119   119   000
   120   120   000
   121   121   000
   122   122   000
   123   123   000
   124   124   000
   125   125   000
   126   126   000
   127   127   000
   128   128   000
   129   129   000
   130   130   000
   131   131   000
   132   132   000
   133   133   000
   134   134   000
   135   135   000
   136   136   000
   137   137   000
   138   138   000
   139   139   000
   140   140   000
   141   141   000
   142   142   000
   143   143   000
   144   144   000
   145   145   000
   146   146   000
   147   147   000
   148   148   000
   149   149   000
   150   150   000
   151   151   000
   152   152   000
   153   153   000
   154   154   000
   155   155   000
   156   156   000
   157   157   000
   158   158   000
   159   159   000
   160   160   000
   161   161   000
   162   162   000
   163   163   000
   164   164   000
   165   165   000
   166   166   000
   167   167   000
   168   168   000
   169   169   000
   170   170   000
   171   171   000
   172   172   000
   173   173   000
   174   174   000
   175   175   000
   176   176   000
   177   177   000
   178   178   000
   179   179   000
   180   180   000
   181   181   000
   182   182   000
   183   183   000
   184   184   000
   185   185   000
   186   186   000
   187   187   000
   188   188   000
   189   189   000
   190   190   000
   191   191   001
   192   192   003
   193   193   005
   194   194   007
   195   195   009
   196   196   011
   197   197   013
   198   198   015
   199   199   017
   200   200   019
   201   201   021
   202   202   023
   203   203   025
   204   204   027
   205   205   029
   206   206   031
   207   207   033
   208   208   035
   209   209   037
   210   210   039
   211   211   041
   212   212   043
   213   213   045
   214   214   047
   215   215   049
   216   216   051
   217   217   052
   218   218   054
   219   219   056
   220   220   058
   221   221   060
   222   222   062
   223   223   064
   224   224   066
   225   225   068
   226   226   070
   227   227   072
   228   228   074
   229   229   076
   230   230   078
   231   231   080
   232   232   082
   233   233   084
   234   234   086
   235   235   088
   236   236   090
   237   237   092
   238   238   094
   239   239   096
   240   240   098
   241   241   100
   242   242   102
   243   243   103
   244   244   105
   245   245   107
   246   246   109
   247   247   111
   248   248   113
   249   249   115
   250   250   117
   251   251   119
   252   252   121
   253   253   123
   254   254   125
   255   255   127
