   000   000   000
   000   001   015
   000   002   022
   000   003   027
   000   004   031
   000   005   035
   000   006   039
   000   007   042
   000   008   045
   000   009   047
   000   010   050
   000   011   052
   000   012   055
   000   013   057
   000   014   059
   000   015   061
   001   016   063
   001   017   065
   001   018   067
   001   019   069
   001   020   071
   001   021   073
   001   022   074
   002   023   076
   002   024   078
   002   025   079
   002   026   081
   002   027   082
   003   028   084
   003   029   085
   003   030   087
   003   031   088
   004   032   090
   004   033   091
   004   034   093
   004   035   094
   005   036   095
   005   037   097
   005   038   098
   005   039   099
   006   040   100
   006   041   102
   006   042   103
   007   043   104
   007   044   105
   007   045   107
   008   046   108
   008   047   109
   009   048   110
   009   049   111
   009   050   112
   010   051   114
   010   052   115
   011   053   116
   011   054   117
   011   055   118
   012   056   119
   012   057   120
   013   058   121
   013   059   122
   014   060   123
   014   061   124
   015   062   125
   015   063   126
   016   064   127
   016   065   128
   017   066   129
   017   067   130
   018   068   131
   018   069   132
   019   070   133
   019   071   134
   020   072   135
   020   073   136
   021   074   137
   022   075   138
   022   076   139
   023   077   140
   023   078   141
   024   079   141
   025   080   142
   025   081   143
   026   082   144
   027   083   145
   027   084   146
   028   085   147
   029   086   148
   029   087   148
   030   088   149
   031   089   150
   031   090   151
   032   091   152
   033   092   153
   033   093   153
   034   094   154
   035   095   155
   036   096   156
   036   097   157
   037   098   158
   038   099   158
   039   100   159
   040   101   160
   040   102   161
   041   103   162
   042   104   162
   043   105   163
   044   106   164
   044   107   165
   045   108   165
   046   109   166
   047   110   167
   048   111   168
   049   112   168
   050   113   169
   050   114   170
   051   115   171
   052   116   171
   053   117   172
   054   118   173
   055   119   174
   056   120   174
   057   121   175
   058   122   176
   059   123   177
   060   124   177
   061   125   178
   062   126   179
   063   127   179
   064   128   180
   065   129   181
   066   130   182
   067   131   182
   068   132   183
   069   133   184
   070   134   184
   071   135   185
   072   136   186
   073   137   186
   074   138   187
   075   139   188
   076   140   188
   077   141   189
   079   142   190
   080   143   190
   081   144   191
   082   145   192
   083   146   192
   084   147   193
   085   148   194
   087   149   194
   088   150   195
   089   151   196
   090   152   196
   091   153   197
   093   154   198
   094   155   198
   095   156   199
   096   157   200
   097   158   200
   099   159   201
   100   160   201
   101   161   202
   102   162   203
   104   163   203
   105   164   204
   106   165   205
   108   166   205
   109   167   206
   110   168   206
   112   169   207
   113   170   208
   114   171   208
   116   172   209
   117   173   210
   118   174   210
   120   175   211
   121   176   211
   122   177   212
   124   178   213
   125   179   213
   127   180   214
   128   181   214
   129   182   215
   131   183   216
   132   184   216
   134   185   217
   135   186   217
   137   187   218
   138   188   218
   140   189   219
   141   190   220
   143   191   220
   144   192   221
   146   193   221
   147   194   222
   149   195   222
   150   196   223
   152   197   224
   153   198   224
   155   199   225
   156   200   225
   158   201   226
   160   202   226
   161   203   227
   163   204   228
   164   205   228
   166   206   229
   168   207   229
   169   208   230
   171   209   230
   172   210   231
   174   211   231
   176   212   232
   177   213   233
   179   214   233
   181   215   234
   182   216   234
   184   217   235
   186   218   235
   188   219   236
   189   220   236
   191   221   237
   193   222   237
   195   223   238
   196   224   238
   198   225   239
   200   226   240
   202   227   240
   203   228   241
   205   229   241
   207   230   242
   209   231   242
   211   232   243
   212   233   243
   214   234   244
   216   235   244
   218   236   245
   220   237   245
   222   238   246
   224   239   246
   225   240   247
   227   241   247
   229   242   248
   231   243   248
   233   244   249
   235   245   249
   237   246   250
   239   247   250
   241   248   251
   243   249   251
   245   250   252
   247   251   252
   249   252   253
   251   253   253
   253   254   254
   255   255   255
