   000   000   000
   010   010   000
   014   014   000
   018   018   000
   020   020   000
   023   023   000
   026   026   000
   028   028   000
   030   030   000
   031   031   000
   033   033   000
   034   034   000
   036   036   000
   038   038   000
   039   039   000
   040   040   000
   042   042   001
   043   043   001
   045   045   001
   046   046   001
   047   047   001
   049   049   001
   049   049   001
   051   051   002
   052   052   002
   053   053   002
   054   054   002
   055   055   002
   057   057   003
   057   057   003
   059   059   003
   059   059   003
   061   061   004
   062   062   004
   063   063   004
   064   064   004
   065   065   005
   066   066   005
   067   067   005
   067   067   005
   068   068   006
   070   070   006
   070   070   006
   071   071   007
   072   072   007
   073   073   007
   074   074   008
   075   075   008
   076   076   009
   077   077   009
   077   077   009
   079   079   010
   080   080   010
   081   081   011
   081   081   011
   082   082   011
   083   083   012
   084   084   012
   085   085   013
   085   085   013
   086   086   014
   087   087   014
   088   088   015
   089   089   015
   090   090   016
   090   090   016
   091   091   017
   092   092   017
   093   093   018
   094   094   018
   095   095   019
   095   095   019
   096   096   020
   097   097   020
   098   098   021
   099   099   022
   100   100   022
   101   101   023
   101   101   023
   102   102   024
   103   103   025
   103   103   025
   104   104   026
   105   105   027
   106   106   027
   107   107   028
   108   108   029
   108   108   029
   109   109   030
   110   110   031
   111   111   031
   112   112   032
   113   113   033
   113   113   033
   114   114   034
   115   115   035
   116   116   036
   116   116   036
   117   117   037
   118   118   038
   119   119   039
   120   120   040
   120   120   040
   121   121   041
   122   122   042
   123   123   043
   124   124   044
   124   124   044
   125   125   045
   126   126   046
   127   127   047
   128   128   048
   128   128   049
   129   129   050
   130   130   050
   131   131   051
   131   131   052
   132   132   053
   133   133   054
   134   134   055
   134   134   056
   135   135   057
   136   136   058
   137   137   059
   138   138   060
   139   139   061
   140   140   062
   140   140   063
   141   141   064
   142   142   065
   143   143   066
   143   143   067
   144   144   068
   145   145   069
   146   146   070
   147   147   071
   148   148   072
   148   148   073
   149   149   074
   150   150   075
   150   150   076
   151   151   077
   153   153   079
   153   153   080
   154   154   081
   155   155   082
   155   155   083
   156   156   084
   157   157   085
   158   158   087
   159   159   088
   160   160   089
   160   160   090
   161   161   091
   163   163   093
   163   163   094
   164   164   095
   165   165   096
   165   165   097
   167   167   099
   167   167   100
   168   168   101
   169   169   102
   170   170   104
   171   171   105
   172   172   106
   172   172   108
   173   173   109
   174   174   110
   175   175   112
   176   176   113
   176   176   114
   178   178   116
   179   179   117
   179   179   118
   180   180   120
   181   181   121
   182   182   122
   183   183   124
   183   183   125
   185   185   127
   185   185   128
   186   186   129
   187   187   131
   188   188   132
   189   189   134
   189   189   135
   191   191   137
   191   191   138
   192   192   140
   193   193   141
   194   194   143
   195   195   144
   196   196   146
   197   197   147
   197   197   149
   198   198   150
   200   200   152
   200   200   153
   201   201   155
   202   202   156
   203   203   158
   204   204   160
   205   205   161
   206   206   163
   206   206   164
   208   208   166
   208   208   168
   209   209   169
   210   210   171
   211   211   172
   212   212   174
   213   213   176
   214   214   177
   215   215   179
   216   216   181
   216   216   182
   218   218   184
   218   218   186
   220   220   188
   220   220   189
   221   221   191
   222   222   193
   223   223   195
   224   224   196
   225   225   198
   226   226   200
   227   227   202
   228   228   203
   229   229   205
   230   230   207
   231   231   209
   232   232   211
   232   232   212
   234   234   214
   234   234   216
   236   236   218
   236   236   220
   238   238   222
   238   238   224
   239   239   225
   240   240   227
   241   241   229
   242   242   231
   243   243   233
   244   244   235
   245   245   237
   246   246   239
   247   247   241
   248   248   243
   249   249   245
   250   250   247
   251   251   249
   252   252   251
   253   253   253
   255   255   255
