   000   000   000
   015   001   001
   022   002   002
   027   003   003
   031   004   004
   035   005   005
   039   006   006
   042   007   007
   045   008   008
   047   009   009
   050   010   010
   052   011   011
   055   012   012
   057   013   013
   059   014   014
   061   015   015
   063   016   016
   065   017   017
   067   018   018
   069   019   019
   071   020   020
   073   021   021
   074   022   022
   076   023   023
   078   024   024
   079   025   025
   081   026   026
   082   027   027
   084   028   028
   085   029   029
   087   030   030
   088   031   031
   090   032   032
   091   033   033
   093   034   034
   094   035   035
   095   036   036
   097   037   037
   098   038   038
   099   039   039
   100   040   040
   102   041   041
   103   042   042
   104   043   043
   105   044   044
   107   045   045
   108   046   046
   109   047   047
   110   048   048
   111   049   049
   112   050   050
   114   051   051
   115   052   052
   116   053   053
   117   054   054
   118   055   055
   119   056   056
   120   057   057
   121   058   058
   122   059   059
   123   060   060
   124   061   061
   125   062   062
   126   063   063
   127   064   064
   128   065   065
   129   066   066
   130   067   067
   131   068   068
   132   069   069
   133   070   070
   134   071   071
   135   072   072
   136   073   073
   137   074   074
   138   075   075
   139   076   076
   140   077   077
   141   078   078
   141   079   079
   142   080   080
   143   081   081
   144   082   082
   145   083   083
   146   084   084
   147   085   085
   148   086   086
   148   087   087
   149   088   088
   150   089   089
   151   090   090
   152   091   091
   153   092   092
   153   093   093
   154   094   094
   155   095   095
   156   096   096
   157   097   097
   158   098   098
   158   099   099
   159   100   100
   160   101   101
   161   102   102
   162   103   103
   162   104   104
   163   105   105
   164   106   106
   165   107   107
   165   108   108
   166   109   109
   167   110   110
   168   111   111
   168   112   112
   169   113   113
   170   114   114
   171   115   115
   171   116   116
   172   117   117
   173   118   118
   174   119   119
   174   120   120
   175   121   121
   176   122   122
   177   123   123
   177   124   124
   178   125   125
   179   126   126
   179   127   127
   180   128   128
   181   129   129
   182   130   130
   182   131   131
   183   132   132
   184   133   133
   184   134   134
   185   135   135
   186   136   136
   186   137   137
   187   138   138
   188   139   139
   188   140   140
   189   141   141
   190   142   142
   190   143   143
   191   144   144
   192   145   145
   192   146   146
   193   147   147
   194   148   148
   194   149   149
   195   150   150
   196   151   151
   196   152   152
   197   153   153
   198   154   154
   198   155   155
   199   156   156
   200   157   157
   200   158   158
   201   159   159
   201   160   160
   202   161   161
   203   162   162
   203   163   163
   204   164   164
   205   165   165
   205   166   166
   206   167   167
   206   168   168
   207   169   169
   208   170   170
   208   171   171
   209   172   172
   210   173   173
   210   174   174
   211   175   175
   211   176   176
   212   177   177
   213   178   178
   213   179   179
   214   180   180
   214   181   181
   215   182   182
   216   183   183
   216   184   184
   217   185   185
   217   186   186
   218   187   187
   218   188   188
   219   189   189
   220   190   190
   220   191   191
   221   192   192
   221   193   193
   222   194   194
   222   195   195
   223   196   196
   224   197   197
   224   198   198
   225   199   199
   225   200   200
   226   201   201
   226   202   202
   227   203   203
   228   204   204
   228   205   205
   229   206   206
   229   207   207
   230   208   208
   230   209   209
   231   210   210
   231   211   211
   232   212   212
   233   213   213
   233   214   214
   234   215   215
   234   216   216
   235   217   217
   235   218   218
   236   219   219
   236   220   220
   237   221   221
   237   222   222
   238   223   223
   238   224   224
   239   225   225
   240   226   226
   240   227   227
   241   228   228
   241   229   229
   242   230   230
   242   231   231
   243   232   232
   243   233   233
   244   234   234
   244   235   235
   245   236   236
   245   237   237
   246   238   238
   246   239   239
   247   240   240
   247   241   241
   248   242   242
   248   243   243
   249   244   244
   249   245   245
   250   246   246
   250   247   247
   251   248   248
   251   249   249
   252   250   250
   252   251   251
   253   252   252
   253   253   253
   254   254   254
   255   255   255
