   000   000   000
   015   001   010
   022   002   014
   027   003   018
   031   004   020
   035   005   023
   039   006   026
   042   007   028
   045   008   030
   047   009   031
   050   010   033
   052   011   034
   055   012   036
   057   013   038
   059   014   039
   061   015   040
   063   016   042
   065   017   043
   067   018   045
   069   019   046
   071   020   047
   073   021   049
   074   022   049
   076   023   051
   078   024   052
   079   025   053
   081   026   054
   082   027   055
   084   028   057
   085   029   057
   087   030   059
   088   031   059
   090   032   061
   091   033   062
   093   034   063
   094   035   064
   095   036   065
   097   037   066
   098   038   067
   099   039   067
   100   040   068
   102   041   070
   103   042   070
   104   043   071
   105   044   072
   107   045   073
   108   046   074
   109   047   075
   110   048   076
   111   049   077
   112   050   077
   114   051   079
   115   052   080
   116   053   081
   117   054   081
   118   055   082
   119   056   083
   120   057   084
   121   058   085
   122   059   085
   123   060   086
   124   061   087
   125   062   088
   126   063   089
   127   064   090
   128   065   090
   129   066   091
   130   067   092
   131   068   093
   132   069   094
   133   070   095
   134   071   095
   135   072   096
   136   073   097
   137   074   098
   138   075   099
   139   076   100
   140   077   101
   141   078   101
   141   079   102
   142   080   103
   143   081   103
   144   082   104
   145   083   105
   146   084   106
   147   085   107
   148   086   108
   148   087   108
   149   088   109
   150   089   110
   151   090   111
   152   091   112
   153   092   113
   153   093   113
   154   094   114
   155   095   115
   156   096   116
   157   097   116
   158   098   117
   158   099   118
   159   100   119
   160   101   120
   161   102   120
   162   103   121
   162   104   122
   163   105   123
   164   106   124
   165   107   124
   165   108   125
   166   109   126
   167   110   127
   168   111   128
   168   112   128
   169   113   129
   170   114   130
   171   115   131
   171   116   131
   172   117   132
   173   118   133
   174   119   134
   174   120   134
   175   121   135
   176   122   136
   177   123   137
   177   124   138
   178   125   139
   179   126   140
   179   127   140
   180   128   141
   181   129   142
   182   130   143
   182   131   143
   183   132   144
   184   133   145
   184   134   146
   185   135   147
   186   136   148
   186   137   148
   187   138   149
   188   139   150
   188   140   150
   189   141   151
   190   142   153
   190   143   153
   191   144   154
   192   145   155
   192   146   155
   193   147   156
   194   148   157
   194   149   158
   195   150   159
   196   151   160
   196   152   160
   197   153   161
   198   154   163
   198   155   163
   199   156   164
   200   157   165
   200   158   165
   201   159   167
   201   160   167
   202   161   168
   203   162   169
   203   163   170
   204   164   171
   205   165   172
   205   166   172
   206   167   173
   206   168   174
   207   169   175
   208   170   176
   208   171   176
   209   172   178
   210   173   179
   210   174   179
   211   175   180
   211   176   181
   212   177   182
   213   178   183
   213   179   183
   214   180   185
   214   181   185
   215   182   186
   216   183   187
   216   184   188
   217   185   189
   217   186   189
   218   187   191
   218   188   191
   219   189   192
   220   190   193
   220   191   194
   221   192   195
   221   193   196
   222   194   197
   222   195   197
   223   196   198
   224   197   200
   224   198   200
   225   199   201
   225   200   202
   226   201   203
   226   202   204
   227   203   205
   228   204   206
   228   205   206
   229   206   208
   229   207   208
   230   208   209
   230   209   210
   231   210   211
   231   211   212
   232   212   213
   233   213   214
   233   214   215
   234   215   216
   234   216   216
   235   217   218
   235   218   218
   236   219   220
   236   220   220
   237   221   221
   237   222   222
   238   223   223
   238   224   224
   239   225   225
   240   226   226
   240   227   227
   241   228   228
   241   229   229
   242   230   230
   242   231   231
   243   232   232
   243   233   232
   244   234   234
   244   235   234
   245   236   236
   245   237   236
   246   238   238
   246   239   238
   247   240   239
   247   241   240
   248   242   241
   248   243   242
   249   244   243
   249   245   244
   250   246   245
   250   247   246
   251   248   247
   251   249   248
   252   250   249
   252   251   250
   253   252   251
   253   253   252
   254   254   253
   255   255   255
