   000   000   000
   015   001   000
   022   002   000
   027   003   000
   031   004   000
   035   005   000
   039   006   000
   042   007   000
   045   008   000
   047   009   000
   050   010   000
   052   011   000
   055   012   000
   057   013   000
   059   014   000
   061   015   000
   063   016   001
   065   017   001
   067   018   001
   069   019   001
   071   020   001
   073   021   001
   074   022   001
   076   023   002
   078   024   002
   079   025   002
   081   026   002
   082   027   002
   084   028   003
   085   029   003
   087   030   003
   088   031   003
   090   032   004
   091   033   004
   093   034   004
   094   035   004
   095   036   005
   097   037   005
   098   038   005
   099   039   005
   100   040   006
   102   041   006
   103   042   006
   104   043   007
   105   044   007
   107   045   007
   108   046   008
   109   047   008
   110   048   009
   111   049   009
   112   050   009
   114   051   010
   115   052   010
   116   053   011
   117   054   011
   118   055   011
   119   056   012
   120   057   012
   121   058   013
   122   059   013
   123   060   014
   124   061   014
   125   062   015
   126   063   015
   127   064   016
   128   065   016
   129   066   017
   130   067   017
   131   068   018
   132   069   018
   133   070   019
   134   071   019
   135   072   020
   136   073   020
   137   074   021
   138   075   022
   139   076   022
   140   077   023
   141   078   023
   141   079   024
   142   080   025
   143   081   025
   144   082   026
   145   083   027
   146   084   027
   147   085   028
   148   086   029
   148   087   029
   149   088   030
   150   089   031
   151   090   031
   152   091   032
   153   092   033
   153   093   033
   154   094   034
   155   095   035
   156   096   036
   157   097   036
   158   098   037
   158   099   038
   159   100   039
   160   101   040
   161   102   040
   162   103   041
   162   104   042
   163   105   043
   164   106   044
   165   107   044
   165   108   045
   166   109   046
   167   110   047
   168   111   048
   168   112   049
   169   113   050
   170   114   050
   171   115   051
   171   116   052
   172   117   053
   173   118   054
   174   119   055
   174   120   056
   175   121   057
   176   122   058
   177   123   059
   177   124   060
   178   125   061
   179   126   062
   179   127   063
   180   128   064
   181   129   065
   182   130   066
   182   131   067
   183   132   068
   184   133   069
   184   134   070
   185   135   071
   186   136   072
   186   137   073
   187   138   074
   188   139   075
   188   140   076
   189   141   077
   190   142   079
   190   143   080
   191   144   081
   192   145   082
   192   146   083
   193   147   084
   194   148   085
   194   149   087
   195   150   088
   196   151   089
   196   152   090
   197   153   091
   198   154   093
   198   155   094
   199   156   095
   200   157   096
   200   158   097
   201   159   099
   201   160   100
   202   161   101
   203   162   102
   203   163   104
   204   164   105
   205   165   106
   205   166   108
   206   167   109
   206   168   110
   207   169   112
   208   170   113
   208   171   114
   209   172   116
   210   173   117
   210   174   118
   211   175   120
   211   176   121
   212   177   122
   213   178   124
   213   179   125
   214   180   127
   214   181   128
   215   182   129
   216   183   131
   216   184   132
   217   185   134
   217   186   135
   218   187   137
   218   188   138
   219   189   140
   220   190   141
   220   191   143
   221   192   144
   221   193   146
   222   194   147
   222   195   149
   223   196   150
   224   197   152
   224   198   153
   225   199   155
   225   200   156
   226   201   158
   226   202   160
   227   203   161
   228   204   163
   228   205   164
   229   206   166
   229   207   168
   230   208   169
   230   209   171
   231   210   172
   231   211   174
   232   212   176
   233   213   177
   233   214   179
   234   215   181
   234   216   182
   235   217   184
   235   218   186
   236   219   188
   236   220   189
   237   221   191
   237   222   193
   238   223   195
   238   224   196
   239   225   198
   240   226   200
   240   227   202
   241   228   203
   241   229   205
   242   230   207
   242   231   209
   243   232   211
   243   233   212
   244   234   214
   244   235   216
   245   236   218
   245   237   220
   246   238   222
   246   239   224
   247   240   225
   247   241   227
   248   242   229
   248   243   231
   249   244   233
   249   245   235
   250   246   237
   250   247   239
   251   248   241
   251   249   243
   252   250   245
   252   251   247
   253   252   249
   253   253   251
   254   254   253
   255   255   255
